Number_Particles,Theta_actual,Phi_actual,Theta_mean,Theta_std,Phi_mean,Phi_std,Theta_median,Phi_median,Theta_normfit,T_s_nf,Phi_normfit,P_s_nf,Theta_snormfit,T_s_snf,Phi_snormfit,P_s_snf
1000,-20.0,0.0,-4.8559,31.9702,-1.5653,32.7306,-7.169,-1.6747,-4.8559,31.9702,-1.5653,32.7306,-5.1266,32.2603,61.204,nan
1000,-19.0,0.0,-7.1822,33.5637,-0.2103,34.515,-9.1785,0.5694,-7.1822,33.5637,-0.2103,34.515,-7.4517,33.8504,63.7406,nan
1000,-18.0,0.0,-6.8116,31.7666,-1.5212,33.6621,-9.5946,-2.4733,-6.8116,31.7666,-1.5212,33.6621,-6.9704,31.9297,38.7761,nan
1000,-17.0,0.0,-6.2313,31.9587,-1.5147,32.2927,-9.4698,-0.3919,-6.2313,31.9587,-1.5147,32.2927,-6.4173,32.1582,56.6205,nan
1000,-16.0,0.0,-5.5415,33.2933,-0.0971,32.9695,-6.0304,0.3824,-5.5415,33.2933,-0.0971,32.9695,-5.5997,33.3386,37.0654,11.8115
1000,-15.0,0.0,-6.6164,33.6818,0.6909,33.6055,-8.5789,0.6988,-6.6164,33.6818,0.6909,33.6055,-6.826,33.8883,36.5043,nan
1000,-14.0,0.0,-7.5768,32.6887,-2.6069,32.83,-9.0422,-1.9904,-7.5768,32.6887,-2.6069,32.83,-7.6411,32.7398,29.9394,4.3009
1000,-13.0,0.0,-5.3959,33.7554,-1.0297,35.5771,-6.6726,-1.3206,-5.3959,33.7554,-1.0297,35.5771,-5.4052,33.7607,10.5517,29.9304
1000,-12.0,0.0,-4.7332,33.7559,-0.8791,33.8076,-5.6658,0.4065,-4.7332,33.7559,-0.8791,33.8076,-4.7956,33.8075,39.114,nan
1000,-11.0,0.0,-3.6866,33.5544,-1.1828,33.6897,-4.7174,-1.8206,-3.6866,33.5544,-1.1828,33.6897,-3.807,33.6622,34.3115,nan
1000,-10.0,0.0,-3.0818,32.5675,2.0075,33.5247,-4.9267,3.2763,-3.0818,32.5675,2.0075,33.5247,-3.1245,32.5999,46.4766,23.0334
1000,-9.0,0.0,-3.7331,33.6166,0.2829,33.2008,-5.2019,-0.2202,-3.7331,33.6166,0.2829,33.2008,-3.7484,33.6258,12.865,26.6865
1000,-8.0,0.0,-3.1001,33.8426,-0.5876,33.1477,-4.5136,-0.3457,-3.1001,33.8426,-0.5876,33.1477,-3.1686,33.899,30.7649,nan
1000,-7.0,0.0,-2.3538,33.0242,-1.1621,32.7484,-2.6303,-2.3273,-2.3538,33.0242,-1.1621,32.7484,-2.3555,33.0249,14.5811,29.7124
1000,-6.0,0.0,0.8352,32.5037,-1.5938,32.7417,-0.0298,-0.7594,0.8352,32.5037,-1.5938,32.7417,0.8886,32.5079,-9.2611,31.8316
1000,-5.0,0.0,-2.4561,34.2603,-0.3101,34.0649,-2.0723,0.4447,-2.4561,34.2603,-0.3101,34.0649,-2.4581,34.261,29.0739,35.1884
1000,-4.0,0.0,-0.2798,33.0301,0.2989,33.0544,-1.2779,-1.5604,-0.2798,33.0301,0.2989,33.0544,-0.2803,33.0303,9.5673,31.2469
1000,-3.0,0.0,-1.6564,33.9149,-1.08,33.9588,-2.9429,-1.7877,-1.6564,33.9149,-1.08,33.9588,-1.6696,33.9226,9.5622,28.3972
1000,-2.0,0.0,-1.3919,33.1832,1.1772,34.2452,-1.5569,2.4162,-1.3919,33.1832,1.1772,34.2452,-1.3935,33.1838,15.5317,31.0914
1000,-1.0,0.0,-1.8386,32.6673,-1.6474,33.4868,-1.4645,-1.7265,-1.8386,32.6673,-1.6474,33.4868,-1.8386,32.6673,-2.1074,33.5177
1000,0.0,0.0,-0.9623,33.9474,-0.6443,34.1494,-1.2733,-1.1429,-0.9623,33.9474,-0.6443,34.1494,-0.9623,33.9474,-3.3277,34.255
1000,1.0,0.0,0.0286,33.3675,-1.298,34.1288,-0.7787,-1.4661,0.0286,33.3675,-1.298,34.1288,0.023,33.3703,16.4507,28.429
1000,2.0,0.0,0.2523,33.0212,-1.7533,33.711,0.288,-2.2444,0.2523,33.0212,-1.7533,33.711,0.2527,33.0213,-19.9877,33.0869
1000,3.0,0.0,0.4968,31.6669,0.4704,31.9249,1.1138,0.1467,0.4968,31.6669,0.4704,31.9249,0.4968,31.6669,7.0327,33.5058
1000,4.0,0.0,2.5821,33.662,-1.0886,34.1251,2.0884,-2.791,2.5821,33.662,-1.0886,34.1251,2.5821,33.662,-22.2051,40.6348
1000,5.0,0.0,1.5526,35.7603,0.0666,33.9517,2.1305,0.2564,1.5526,35.7603,0.0666,33.9517,1.5543,35.7609,-15.5165,31.5624
1000,6.0,0.0,2.6236,33.7009,-0.5387,33.7444,2.8453,-0.578,2.6236,33.7009,-0.5387,33.7444,2.6518,33.7196,-39.8474,27.7982
1000,7.0,0.0,3.0815,34.7337,-1.2617,33.8117,4.386,-0.6728,3.0815,34.7337,-1.2617,33.8117,3.0816,34.7338,-25.0098,31.153
1000,8.0,0.0,4.0129,33.7339,-1.8097,34.4835,5.5211,-3.485,4.0129,33.7339,-1.8097,34.4835,4.0302,33.7391,-28.7735,28.2952
1000,9.0,0.0,3.1742,33.7559,0.6977,33.7366,4.7959,0.4688,3.1742,33.7559,0.6977,33.7366,3.2233,33.7943,-26.172,10.8303
1000,10.0,0.0,5.104,33.2495,-0.7905,33.4558,7.2886,-1.2854,5.104,33.2495,-0.7905,33.4558,5.1915,33.3261,-50.9984,nan
1000,11.0,0.0,4.2251,32.5782,-1.8869,33.2907,5.8938,-2.8388,4.2251,32.5782,-1.8869,33.2907,4.2738,32.6153,-42.2072,17.4533
1000,12.0,0.0,5.5771,31.9171,-1.9896,33.343,5.9091,-2.8469,5.5771,31.9171,-1.9896,33.343,5.6325,31.9606,-40.4589,11.3623
1000,13.0,0.0,4.2719,32.4544,1.4101,32.686,4.9085,2.8076,4.2719,32.4544,1.4101,32.686,4.3153,32.487,-1.9,30.1754
1000,14.0,0.0,6.9649,33.8552,-1.441,33.0928,8.5106,-1.2358,6.9649,33.8552,-1.441,33.0928,7.1085,33.9919,-53.6302,nan
1000,15.0,0.0,5.7932,33.1672,-1.6757,33.4466,7.1943,-1.831,5.7932,33.1672,-1.6757,33.4466,5.7932,33.1672,-18.222,37.3151
1000,16.0,0.0,6.5226,32.3513,-0.5351,32.6945,7.5049,-2.1326,6.5226,32.3513,-0.5351,32.6945,6.6269,32.4444,-55.4303,16.2536
1000,17.0,0.0,7.6435,33.5367,-1.0727,33.2168,8.2683,-1.4187,7.6435,33.5367,-1.0727,33.2168,7.7229,33.6133,-49.3363,nan
1000,18.0,0.0,5.9932,32.3014,1.8507,33.5203,7.363,2.3019,5.9932,32.3014,1.8507,33.5203,6.114,32.4196,-28.2568,nan
1000,19.0,0.0,5.8057,33.0101,1.603,32.842,9.2913,1.6955,5.8057,33.0101,1.603,32.842,6.1562,33.4058,-67.2384,nan
